   1
  10
  11
  12
1429
1316
1319
1346
1405
5694
2023
1298
5758
5882
5938
5937
7206
5695
1221
2059
4937
1348
7216
7220
4934
7603
7604
7479
7605
7606
7612
7615
7490
7617
7616
7613
7614
7618
7619
7493
7620
7497
7623
7622
7624
7621
7625
7626
7627
7628
7629
7630
7631
7498
7632
7633
7634
7635
7636
7637
7638
7639
7640
7642
7641
7643
7644
7645
7646
7648
7649
7650
7651
7652
7653
7655
7654
7656
7657
7658
7669
7670
7546
7672
7673
7674
7675
7676
7677
7678
7679
7681
7680
7682
7683
7555
7684
7685
7686
7687
7688
7689
7690
7691
7692
7693
7694
7695
7697
7699
7700
7701
7702
7703
7704
7705
7706
7581
7708
7707
7709
7710
7711
7712
7713
7714
7715
7716
7717
7719
7720
7721
7722
7724
7725
7726
7727
7729
7730
7731
7732
7738
7739
7740
7741
7742
7743
7744
7745
7747
7746
7749
7748
7750
7751
7752
7753
7759
7754
7755
7756
7757
7758
7760
7761
7762
7763
7764
7765
7766
7767
7768
7769
7770
7771
7772
7774
7775
7776
7777
7778
7779
7780
7781
7782
7783
7784
7785
7786
7787
7788
7789
7790
7791
7792
7793
7794
7795
7796
7798
7799
7800
7801
7802
7803
7804
7805
7806
7807
7808
7809
7810
7811
7812
7813
7814
7815
7816
7817
7818
7819
7820
7821
7823
7825
7826
7827
7828
7832
7831
7829
7830
7833
7834
7835
7836
7837
7838
7840
7839
7841
7842
7843
7845
7846
7847
7848
7850
7851
7852
7853
7855
7856
7857
7858
7864
7865
7871
7870
7869
7868
7866
7867
7872
7873
7874
7875
7876
7877
7878
7879
7880
7881
7882
7883
7884
7885
7886
7887
7888
7889
7890
7891
7892
7893
7894
7895
7896
7897
7898
7900
7901
7902
7906
7903
7904
7905
7907
7908
7910
7911
7912
7913
7914
7915
7916
7917
7918
7919
7920
7921
7922
7925
7926
7927
7928
7929
7930
7931
7932
7933
7934
7935
7936
7937
7938
7939
7940
7941
7942
7943
7944
7945
7946
7947
7949
7951
7952
7954
7953
7955
7956
7957
7958
7959
7960
7961
7962
7963
7966
7964
7965
7967
7968
7969
7971
7972
7973
7976
7977
7978
7981
7982
7983
7984
7990
7991
7992
7993
7994
7997
7996
7995
8004
7998
7999
8000
8001
8002
8003
8014
8013
8012
8011
8005
8006
8007
8008
8009
8010
8015
8016
8017
8018
8019
8020
8021
8022
8023
8024
8026
8027
8028
8029
7909
8035
8034
8033
8030
8031
8032
8036
8037
8038
8039
8040
8041
8042
8043
8044
8045
8046
8047
8048
8052
8053
8054
8055
8056
8051
8050
8057
8058
8059
8060
8061
8062
8063
8064
8065
8066
8067
8068
8069
8070
8071
8072
8073
8075
8077
8078
8079
8080
8081
8082
8083
8084
8085
8086
8088
8087
8089
8090
8092
8091
8093
8094
8095
8097
8098
8099
7974
8105
8104
8100
8102
8103
8968
8969
8970
8971
8972
8973
8974
8975
8977
8978
8979
8980
8981
8982
8983
9067
9068
9069
9070
9071
9072
9073
9064
9065
9074
8984
9075
8985
9076
9077
8986
8987
8988
8989
9078
9079
8990
9083
9082
8991
8992
8993
8994
8995
8996
8997
8998
8999
9000
9001
9002
9003
9004
9005
9006
9007
9008
9009
9010
9011
9012
9013
9014
9015
9016
9018
9017
9019
9020
9023
9021
9022
9080
9084
9085
9086
9087
9024
9025
9026
9027
9028
9088
9089
9029
9090
9091
9030
9031
9032
9033
9094
9095
9034
9035
9036
9037
9038
9043
9042
9041
9039
9040
9044
9092
9045
9046
9047
9093
9048
9049
9050
9051
9052
9053
9054
9055
9056
9057
9058
9059
9060
9061
9062
9063
